[base]
package = ocean
env_name = my_breakout
policy_name = Policy
rnn_name = Recurrent

[env]
num_envs = 1024

[train]
total_timesteps =200000000
checkpoint_interval = 50
num_envs = 1
num_workers = 1
env_batch_size = 1
batch_size = 524288
update_epochs = 3
learning_rate = 0.0011273628087979325
minibatch_size = 32768
bptt_horizon = 16
anneal_lr = True
device = cuda
gamma = 0.9839136510308943
gae_lambda = 0.9800043661601852
ent_coef = 0.0074637852788758145
max_grad_norm = 0.7380658388137817
vf_coef = 0.7817565989755862
