[base]
package = ocean
env_name = puffer_breakout
policy_name = Policy
rnn_name = Recurrent

[vec]
num_envs = 2

[env]
num_envs = 4096
frameskip = 4

[policy]
hidden_size = 128

[rnn]
input_size = 128
hidden_size = 128

[train]
total_timesteps = 66_000_000 
adam_beta1 = 0.9668675783327754
adam_beta2 = 0.9995809752018692
adam_eps = 4.453436214683533e-11
batch_size = auto
bptt_horizon = 64
clip_coef = 0.2507502174208591
ent_coef = 0.00025390967249290904
gae_lambda = 0.9129613652447617
gamma = 0.9881699037754776
learning_rate = 0.026402302917759395
max_grad_norm = 0.40289579446643464
minibatch_size = 32768
prio_alpha = 0.8768688626274329
prio_beta0 = 0.8509526084063733
vf_clip_coef = 0.22344101887665735
vf_coef = 1.6599346981106113

[sweep.train.total_timesteps]
distribution = log_normal
min = 2e7
max = 5e8
mean = 8e7
scale = auto

[sweep.env.frameskip]
distribution = int_uniform
min = 1
max = 8
mean = 4
scale = 2.0
