[base]
package = ocean
env_name = puffer_grid
policy_name = Policy
rnn_name = Recurrent

[policy]
hidden_size = 512

[rnn]
input_size = 512
hidden_size = 512

[env]
max_size = 47
num_envs = 4096
num_maps = 8192

[train]
total_timesteps = 250_000_000
adam_beta1 = 0.9225899639773112
adam_beta2 = 0.9
adam_eps = 0.0004030478187254784
anneal_lr = true
batch_size = 524288
ent_coef = 0.0020159472963835016
gae_lambda = 0.8829440612065992
gamma = 0.9872971455373439
learning_rate = 0.0003947934701844728
max_grad_norm = 0.5296288081133984
minibatch_size = 4096
prio_alpha = 0.99
prio_beta0 = 0.48469847315324566
#update_epochs = 2
vf_coef = 3.6777541336880786
checkpoint_interval = 1000

[sweep.train.total_timesteps]
distribution = log_normal
min = 5e7
max = 6e8
mean = 1e8
scale = auto
