[base]
package = ocean
env_name = puffer_grid
policy_name = Policy
rnn_name = Recurrent

[policy]
hidden_size = 512

[rnn]
input_size = 512
hidden_size = 512

[env]
max_size = 47
num_envs = 4096
num_maps = 8192

[train]
total_timesteps = 250_000_000
adam_beta1 = 0.9629914958530188
adam_beta2 = 0.9992715827151928
adam_eps = 0.000004163472640718375
clip_coef = 0.2309678794507063
ent_coef = 0.00019627650709640136
gae_lambda = 0.9368042269328145
gamma = 0.9941514536160971
learning_rate = 0.0019491306517213788
max_grad_norm = 2.2830145471702727
minibatch_size = 16384
prio_alpha = 0.7184510843606191
prio_beta0 = 0.4391984615535134
vf_clip_coef = 3.2996056215219602
vf_coef = 2.6945523663853628

[sweep.train.total_timesteps]
distribution = log_normal
min = 5e7
max = 6e8
mean = 1e8
scale = auto
